64459
36378
25402
117560
814803
29583
79123
838003
252859
32158
843467
29441
176318
85497
542375
834913
24548
84353
542272
114505
172219
38088
117332
53569
843513
tgz13
100194064
29155
13222236
843748
bip3
25122
100279015
177343
40384
29627
56611
47877
56652
114845
pmpm2
302867
542291
41366
830662
31851
175879
178408
25549
173945
100037760
177216
117273
25679
25125
836263
176210
819127
43764
mch1
29146
38809
24473
830154
31044
pmpm5
815862
25364
42896
542315
829314
25731
172896
42367
247198
25134
282822
542140
33529
183000
305477
178188
25387
31376
24185
116554
25608
829603
39564
83571
100280864
25229
100135422
100279334
45959
24851
25262
59077
83722
pmpm4
541641
58918
117262
838438
78968
827430
81827
42065
40370
175584
176061
287607
25617
25464
25522
31379
171026
25238
178842
178012
25757
35680
pmpm7
689560
841670
180549
100127519
84027
32083
44072
44839
31456
3760032
64440
43542
81505
49297
945237
841856
43577
39745
100271891
25622
25556
418733
815949
ppr152
114511
827914
25027
732824
838211
190230
81508
100273383
25569
830095
100284296
116643
313994
83805
826364
81813
286920
306330
24310
176815
35540
176257
40090
25489
326166
184405
840320
246212
40620
29376
829480
38306
175006
304666
179235
541693
832669
177461
54315
59076
542632
100193331
834828
832261
25331
84410
816765
192347
816807
827011
29241
64465
35652
47767
25570
363875
172268
830663
39844
175542
100302579
172703
843614
843177
832365
178083
34307
37455
818340
822117
171361
klf2
177374
819738
174438
24767
42601
85333
114207
54232
ufo1
841841
25716
822298
43725
50592
173158
175467
191604
365872
39215
289990
2768940
12932664
41733
24539
36003
817736
171788
25388
34785
29693
182722
830539
181178
179597
839929
25586
10564
12798547
541642
291234
114115
541634
542352
38594
170546
fat2
179274
246097
24768
58954
40009
